# R [m] Z[m] Thick Resist  ID 
0.400 1.250 0.020 3.000e+01 LowerStabO
0.070 1.250 0.020 3.000e+01 LowerStabO
0.070 -1.250 0.020 4.000e+01 LowerStabO
0.400 -1.250 0.020 5.000e+01 LowerStabO
0.400 1.250 0.020 3.000e+01 UpperStabO
0.070 1.250 0.020 3.000e+01 UpperStabO
0.070 -1.250 0.020 4.000e+01 UpperStabO
0.400 -1.250 0.020 5.000e+01 UpperStabO
0.400 1.250 0.020 3.000e+01 LowerStabI
0.070 1.250 0.020 3.000e+01 LowerStabI
0.070 -1.250 0.020 4.000e+01 LowerStabI
0.400 -1.250 0.020 5.000e+01 LowerStabI
0.400 1.250 0.020 3.000e+01 UpperStabI
0.070 1.250 0.020 3.000e+01 UpperStabI
0.070 -1.250 0.020 4.000e+01 UpperStabI
0.400 -1.250 0.020 5.000e+01 UpperStabI
0.400 1.250 0.020 3.000e+01 InnerVV
0.070 1.250 0.020 3.000e+01 InnerVV
0.070 -1.250 0.020 4.000e+01 InnerVV
0.400 -1.250 0.020 5.000e+01 InnerVV
0.400 1.350 0.020 5.000e+01 OuterVV
0.400 1.500 0.020 5.000e+01 OuterVV
1.200 1.500 0.020 5.000e+01 OuterVV
1.420 1.000 0.020 5.000e+01 OuterVV
1.550 0.500 0.020 5.000e+01 OuterVV
1.550 -0.500 0.020 5.000e+01 OuterVV
1.420 -1.000 0.020 5.000e+01 OuterVV
1.200 -1.500 0.020 5.000e+01 OuterVV
0.400 -1.500 0.020 5.000e+01 OuterVV
0.400 -1.350 0.020 5.000e+01 OuterVV
