# R [m] Z[m] 
0.016 -0.001 
0.016 -0.003 
0.016 -0.004 
0.016 -0.005 
0.016 -0.007 
0.016 -0.008 
0.016 -0.009 
0.016 -0.010 
0.016 -0.012 
0.016 -0.013 
0.016 -0.014 
0.016 -0.015 
0.016 -0.016 
0.016 -0.017 
0.017 -0.018 
0.017 -0.019 
0.017 -0.020 
0.017 -0.021 
0.017 -0.022 
0.017 -0.022 
0.018 -0.023 
0.018 -0.024 
0.018 -0.024 
0.019 -0.025 
0.019 -0.025 
0.020 -0.026 
0.021 -0.026 
0.022 -0.026 
0.023 -0.027 
0.024 -0.027 
0.025 -0.027 
0.027 -0.027 
0.029 -0.027 
0.030 -0.027 
0.033 -0.027 
0.035 -0.026 
0.037 -0.026 
0.040 -0.026 
0.043 -0.025 
0.046 -0.025 
0.049 -0.024 
0.053 -0.024 
0.056 -0.023 
0.060 -0.022 
0.064 -0.022 
0.068 -0.021 
0.073 -0.020 
0.077 -0.019 
0.081 -0.018 
0.086 -0.017 
0.090 -0.016 
0.094 -0.015 
0.098 -0.014 
0.102 -0.013 
0.106 -0.012 
0.109 -0.010 
0.113 -0.009 
0.116 -0.008 
0.118 -0.007 
0.120 -0.005 
0.122 -0.004 
0.123 -0.003 
0.124 -0.001 
0.124 -0.000 
0.124 0.001 
0.123 0.003 
0.122 0.004 
0.120 0.005 
0.118 0.007 
0.116 0.008 
0.113 0.009 
0.109 0.010 
0.106 0.012 
0.102 0.013 
0.098 0.014 
0.094 0.015 
0.090 0.016 
0.086 0.017 
0.081 0.018 
0.077 0.019 
0.073 0.020 
0.068 0.021 
0.064 0.022 
0.060 0.022 
0.056 0.023 
0.053 0.024 
0.049 0.024 
0.046 0.025 
0.043 0.025 
0.040 0.026 
0.037 0.026 
0.035 0.026 
0.033 0.027 
0.030 0.027 
0.029 0.027 
0.027 0.027 
0.025 0.027 
0.024 0.027 
0.023 0.027 
0.022 0.026 
0.021 0.026 
0.020 0.026 
0.019 0.025 
0.019 0.025 
0.018 0.024 
0.018 0.024 
0.018 0.023 
0.017 0.022 
0.017 0.022 
0.017 0.021 
0.017 0.020 
0.017 0.019 
0.017 0.018 
0.016 0.017 
0.016 0.016 
0.016 0.015 
0.016 0.014 
0.016 0.013 
0.016 0.012 
0.016 0.010 
0.016 0.009 
0.016 0.008 
0.016 0.007 
0.016 0.005 
0.016 0.004 
0.016 0.003 
0.016 0.001 
0.016 0.000 
