# R [m] Z[m] 
0.037 -0.042 
0.044 -0.041 
0.052 -0.039 
0.060 -0.038 
0.069 -0.036 
0.078 -0.034 
0.087 -0.032 
0.096 -0.030 
0.105 -0.028 
0.113 -0.026 
0.122 -0.023 
0.130 -0.021 
0.137 -0.019 
0.144 -0.016 
0.150 -0.013 
0.155 -0.011 
0.159 -0.008 
0.162 -0.005 
0.163 -0.003 
0.164 -0.000 
0.163 0.003 
0.162 0.005 
0.159 0.008 
0.155 0.011 
0.150 0.013 
0.144 0.016 
0.137 0.019 
0.130 0.021 
0.122 0.023 
0.113 0.026 
0.105 0.028 
0.096 0.030 
0.087 0.032 
0.078 0.034 
0.069 0.036 
0.060 0.038 
0.052 0.039 
0.044 0.041 
0.037 0.042 
1.800 1.150 
0.900 1.250 
1.100 1.250 
1.200 1.400 
0.700 1.400 
0.400 1.100 
0.300 1.100 
0.200 1.200 
0.100 1.100 
-0.021 0.041 
-0.022 0.039 
-0.022 0.038 
-0.023 0.036 
-0.023 0.034 
-0.023 0.032 
-0.023 0.030 
-0.023 0.028 
-0.024 0.026 
-0.024 0.023 
-0.024 0.021 
-0.024 0.019 
-0.024 0.016 
-0.024 0.013 
-0.024 0.011 
-0.024 0.008 
-0.024 0.005 
-0.024 0.003 
-0.024 0.000 
-0.024 -0.003 
-0.024 -0.005 
-0.024 -0.008 
-0.024 -0.011 
-0.024 -0.013 
-0.024 -0.016 
-0.024 -0.019 
-0.024 -0.021 
-0.024 -0.023 
-0.024 -0.026 
-0.023 -0.028 
-0.023 -0.030 
-0.023 -0.032 
-0.023 -0.034 
-0.023 -0.036 
-0.022 -0.038 
-0.022 -0.039 
-0.021 -0.041 
0.100 -1.100 
0.200 -1.200 
0.300 -1.100 
0.400 -1.100 
0.700 -1.400 
1.200 -1.400 
1.100 -1.250 
0.900 -1.250 
0.037 -0.042 
0.052 -0.039 
